data interv2;
input s p y1;
datalines;
0 0 241546
0 0 228739
0 0 231887
0 0 244491
0 0 262757
0 0 298268
0 0 312906
0 0 256154
0 0 283426
0 0 285073
0 0 291858
0 0 318151
0 0 282060
0 0 253446
0 0 274544
0 0 284212
0 0 303623
0 0 336816
0 0 337058
0 0 329716
0 0 332596
0 0 347110
0 0 348277
0 0 389352
0 0 316453
0 0 294717
0 0 334951
0 0 318009
0 0 354612
0 0 411911
0 0 337902
0 0 406287
0 0 379401
0 0 356225
0 0 374765
0 0 434200
0 0 364193
0 0 311370
0 0 315586
0 0 338206
0 0 383638
0 0 391838
0 0 365944
0 0 431223
0 0 376030
0 0 396219
0 0 379575
0 0 433489
0 0 311935
0 0 300545
0 0 309029
0 0 338994
0 0 381570
0 0 359387
0 0 378837
0 0 386096
0 0 346662
0 0 401607
0 0 326567
0 0 435159
0 0 360311
0 0 348337
0 0 390183
0 0 386223
0 0 451064
0 0 383291
0 0 499426
0 0 450991
0 0 412956
0 0 416039
0 0 403674
0 0 474585
0 0 388222
0 0 332570
0 0 375945
0 0 415207
0 0 408191
0 0 402684
0 0 504056
0 0 474539
0 0 440724
0 0 393737
0 0 364216
0 0 426844
0 0 394353
0 0 404992
0 0 437632
0 0 454524
0 0 419882
0 0 482129
0 0 538135
0 0 489841
0 0 468402
0 0 476966
0 0 444974
0 0 518135
0 0 377116
0 0 363919
0 0 368981
0 0 371964
0 0 295317
0 0 457417
0 0 454042
0 0 483918
0 0 418339
0 0 441304
0 0 433349
0 0 508853
0 0 390425
0 0 346328
0 0 228835
1 0 29193
1 0 2673
1 0 6446
1 0 35802
1 0 86225
1 0 88588
1 0 121696
1 0 170247
1 0 228945
1 0 83380
1 0 77693
1 0 134561
1 0 151024
1 0 139942
1 0 229924
1 1 32135
1 0 42446
1 0 120066
1 0 236847
1 0 279160
1 0 353906
1 0 .
1 0 .
1 0 .
1 0 .
1 0 .
1 0 .
1 0 .
1 0 .
1 0 .
1 0 .
1 0 .
1 0 .
;

proc arima data=interv2;
identify var=y1(1) crosscorr=(s(1) p(1));
estimate p=(12)q=(1) input=(0$(11)/(0)s 0$(1)/(1)p) 
noconstant method=ml;
forecast out=ramalan lead=9;
run;
proc print data=ramalan;
run;
proc univariate data=ramalan normal;
var residual;
run;
data error;
set ramalan;
at=residual;
at2=residual*residual;
run;
proc arima data=error;
identify var=at2;
run;
proc autoreg data=error;
model at=/ archtest dwprob normal noint;
run;
